0 3 631 120 37 357 658 511
3 0 626 414 306 248 576 494
631 626 0 278 345 624 694 578
120 414 278 0 565 291 415 243
37 306 345 565 0 490 69 307
357 248 624 291 490 0 130 679
658 576 694 415 69 130 0 336
511 494 578 243 307 679 336 0
