0 32 37 5 102 21 53 81 57 24
32 0 34 70 114 25 99 84 110 82
37 34 0 4 85 111 66 32 92 91
5 70 4 0 48 81 51 40 45 38
102 114 85 48 0 101 115 81 104 11
21 25 111 81 101 0 84 28 83 22
53 99 66 51 115 84 0 50 37 84
81 84 32 40 81 28 50 0 40 43
57 110 92 45 104 83 37 40 0 90
24 82 91 38 11 22 84 43 90 0
