0 490 243 338 92 444 290 274 414
490 0 256 365 241 220 433 18 154
243 256 0 211 477 185 421 439 240
338 365 211 0 48 474 303 147 416
92 241 477 48 0 157 346 379 425
444 220 185 474 157 0 58 54 172
290 433 421 303 346 58 0 340 499
274 18 439 147 379 54 340 0 418
414 154 240 416 425 172 499 418 0
